3:l4
00000
01100
01100
01110
01110

3:i2
00000
00000
00000
11100
11111

3:i3
00000
01000
01100
01110
01110

3:v3
00000
00000
01100
11100
11110

4:dot
00100
00110
01110
01110
01110

4:i2
00000
01000
01110
01110
11111

4:i2
00000
00010
00110
11110
11111

3:i4
00000
01100
01110
01110
01100

3:s4
00000
10000
11000
11100
11110

3:o4
00100
01100
01100
01110
01110

3:t4
00000
00110
01110
01110
01110

4:v3
00100
01100
01100
01110
11111

4:v3
00000
00000
01110
11111
11111

4:i3
00000
00011
00111
01111
11111

4:i3
00000
00001
11111
11111
00111

5:dot
00000
01111
01111
11110
11110

5:dot
00000
11110
01111
01111
11110

5:dot
00000
00100
11111
11111
11111

5:dot
00000
01110
11111
11111
01110

5:dot
00110
11110
01111
01111
01100

